form_start <- {
	name = "form_start",
	data = [
		[11, "FW", 0,20, 0,11],
		[10, "FW", -0,20, 0,11],
		[9, "MF", 0,39, 0,29],
		[8, "MF", 0,00, 0,38],
		[7, "MF", -0,39, 0,29],
		[6, "MF", 0,70, 0,41],
		[5, "MF", -0,70, 0,41],
		[4, "DF", 0,50, 0,65],
		[3, "DF", 0,00, 0,65],
		[2, "DF", -0,50, 0,65],
		[1, "GK", 0,00, 0,90],
	],
};

form_def <- {
	name = "form_def",
	data = [
		[11, "FW", 0,45, -0,38],
		[10, "FW", -0,45, -0,38],
		[9, "MF", 0,25, 0,25],
		[8, "MF", 0,00, -0,03],
		[7, "MF", -0,25, 0,25],
		[6, "MF", 0,35, 0,48],
		[5, "MF", -0,35, 0,48],
		[4, "DF", 0,60, 0,63],
		[3, "DF", 0,00, 0,63],
		[2, "DF", -0,60, 0,63],
		[1, "GK", 0,00, 0,90],
	],
};

form_attack <- {
	name = "form_attack",
	data = [
		[11, "FW", 0,25, -0,80],
		[10, "FW", -0,25, -0,80],
		[9, "MF", 0,40, -0,58],
		[8, "MF", 0,00, -0,43],
		[7, "MF", -0,40, -0,58],
		[6, "MF", 0,50, -0,28],
		[5, "MF", -0,50, -0,28],
		[4, "DF", 0,50, 0,33],
		[3, "DF", 0,00, -0,05],
		[2, "DF", -0,50, 0,33],
		[1, "GK", 0,00, 0,75],
	],
};

form_CornerKickDL <- {
	name = "form_CornerKickDL",
	data = [
		[11, "FW", 0,15, -0,20],
		[10, "FW", -0,45, 0,08],
		[9, "MF", 0,25, 0,48],
		[8, "MF", -0,20, 0,33],
		[7, "MF", -0,45, 0,48],
		[6, "MF", -0,05, 0,58],
		[5, "MF", -0,60, 0,65],
		[4, "DF", 0,20, 0,80],
		[3, "DF", -0,35, 0,85],
		[2, "DF", -0,80, 0,83],
		[1, "GK", 0,00, 0,95],
	],
};

form_CornerKickDR <- {
	name = "form_CornerKickDR",
	data = [
		[11, "FW", 0,45, 0,08],
		[10, "FW", -0,15, -0,20],
		[9, "MF", 0,45, 0,48],
		[8, "MF", 0,20, 0,33],
		[7, "MF", -0,25, 0,48],
		[6, "MF", 0,60, 0,65],
		[5, "MF", 0,05, 0,58],
		[4, "DF", 0,80, 0,83],
		[3, "DF", 0,35, 0,85],
		[2, "DF", -0,20, 0,80],
		[1, "GK", 0,00, 0,95],
	],
};

form_CornerKickAL <- {
	name = "form_CornerKickAL",
	data = [
		[11, "FW", 0,05, -0,83],
		[10, "FW", -0,55, -0,93],
		[9, "MF", 0,50, -0,75],
		[8, "MF", -0,65, -0,65],
		[7, "MF", 0,00, 0,00],
		[6, "MF", 0,25, -0,45],
		[5, "MF", -0,35, -0,50],
		[4, "DF", 0,15, 0,05],
		[3, "DF", -0,15, -0,33],
		[2, "DF", -0,55, -0,10],
		[1, "GK", 0,00, 0,75],
	],
};

form_CornerKickAR <- {
	name = "form_CornerKickAR",
	data = [
		[11, "FW", 0,55, -0,93],
		[10, "FW", -0,05, -0,83],
		[9, "MF", 0,00, 0,00],
		[8, "MF", 0,65, -0,65],
		[7, "MF", -0,50, -0,75],
		[6, "MF", 0,35, -0,50],
		[5, "MF", -0,25, -0,45],
		[4, "DF", 0,55, -0,10],
		[3, "DF", 0,15, -0,33],
		[2, "DF", -0,15, 0,05],
		[1, "GK", 0,00, 0,75],
	],
};

form_GoalKickO <- {
	name = "form_GoalKickO",
	data = [
		[11, "FW", 0,15, -0,15],
		[10, "FW", -0,15, -0,15],
		[9, "MF", 0,45, 0,45],
		[8, "MF", 0,00, 0,30],
		[7, "MF", -0,40, 0,45],
		[6, "MF", 0,60, 0,63],
		[5, "MF", -0,60, 0,63],
		[4, "DF", 0,65, 0,70],
		[3, "DF", 0,00, 0,58],
		[2, "DF", -0,65, 0,70],
		[1, "GK", 0,00, 0,95],
	],
};

form_GoalKickT <- {
	name = "form_GoalKickT",
	data = [
		[11, "FW", 0,30, -0,63],
		[10, "FW", 0,00, -0,63],
		[9, "MF", 0,55, -0,63],
		[8, "MF", 0,00, -0,48],
		[7, "MF", -0,55, -0,63],
		[6, "MF", 0,60, -0,48],
		[5, "MF", -0,60, -0,48],
		[4, "DF", 0,25, -0,23],
		[3, "DF", 0,00, -0,08],
		[2, "DF", -0,25, -0,23],
		[1, "GK", 0,00, 0,90],
	],
};

form_show <- {
	name = "form_show",
	data = [
		[11, "FW", 0,30, 0,10],
		[10, "FW", -0,30, 0,10],
		[9, "MF", 0,60, 0,33],
		[8, "MF", 0,00, 0,38],
		[7, "MF", -0,60, 0,33],
		[6, "MF", 0,70, 0,55],
		[5, "MF", -0,70, 0,55],
		[4, "DF", 0,75, 0,80],
		[3, "DF", 0,00, 0,65],
		[2, "DF", -0,75, 0,80],
		[1, "GK", 0,00, 0,94],
	],
};

