form_start <- {
	name = "form_start",
	data = [
		[11, "FW", 0,75, 0,10],
		[10, "FW", 0,00, 0,20],
		[9, "FW", -0,75, 0,10],
		[8, "MF", 0,50, 0,28],
		[7, "MF", -0,50, 0,28],
		[6, "DF", 0,30, 0,48],
		[5, "DF", -0,30, 0,48],
		[4, "DF", 0,55, 0,65],
		[3, "DF", 0,00, 0,65],
		[2, "DF", -0,55, 0,65],
		[1, "GK", 0,00, 0,90],
	],
};

form_def <- {
	name = "form_def",
	data = [
		[11, "FW", 0,75, 0,05],
		[10, "FW", 0,00, -0,23],
		[9, "FW", -0,75, 0,05],
		[8, "MF", 0,50, 0,28],
		[7, "MF", -0,50, 0,28],
		[6, "DF", 0,30, 0,45],
		[5, "DF", -0,30, 0,45],
		[4, "DF", 0,55, 0,65],
		[3, "DF", 0,00, 0,65],
		[2, "DF", -0,55, 0,65],
		[1, "GK", 0,00, 0,90],
	],
};

form_attack <- {
	name = "form_attack",
	data = [
		[11, "FW", 0,80, -0,65],
		[10, "FW", 0,00, -0,65],
		[9, "FW", -0,80, -0,65],
		[8, "MF", 0,50, -0,40],
		[7, "MF", -0,50, -0,40],
		[6, "DF", 0,30, -0,08],
		[5, "DF", -0,30, -0,08],
		[4, "DF", 0,55, 0,28],
		[3, "DF", 0,00, 0,53],
		[2, "DF", -0,55, 0,28],
		[1, "GK", 0,00, 0,75],
	],
};

form_CornerKickDL <- {
	name = "form_CornerKickDL",
	data = [
		[11, "FW", 0,60, 0,10],
		[10, "FW", 0,00, -0,23],
		[9, "FW", -0,30, 0,23],
		[8, "MF", 0,30, 0,43],
		[7, "MF", -0,45, 0,45],
		[6, "DF", -0,15, 0,63],
		[5, "DF", -0,65, 0,65],
		[4, "DF", 0,15, 0,73],
		[3, "DF", -0,40, 0,78],
		[2, "DF", -0,75, 0,90],
		[1, "GK", -0,20, 0,98],
	],
};

form_CornerKickDR <- {
	name = "form_CornerKickDR",
	data = [
		[11, "FW", 0,30, 0,23],
		[10, "FW", 0,00, -0,23],
		[9, "FW", -0,60, 0,10],
		[8, "MF", 0,45, 0,45],
		[7, "MF", -0,30, 0,43],
		[6, "DF", 0,65, 0,65],
		[5, "DF", 0,15, 0,63],
		[4, "DF", 0,75, 0,90],
		[3, "DF", 0,40, 0,78],
		[2, "DF", -0,15, 0,73],
		[1, "GK", 0,20, 0,98],
	],
};

form_CornerKickAL <- {
	name = "form_CornerKickAL",
	data = [
		[11, "FW", 0,35, -0,78],
		[10, "FW", -0,30, -0,75],
		[9, "FW", -0,70, -0,88],
		[8, "MF", -0,10, -0,55],
		[7, "MF", 0,00, 0,00],
		[6, "DF", -0,30, -0,25],
		[5, "DF", -0,80, -0,58],
		[4, "DF", 0,25, -0,03],
		[3, "DF", 0,00, 0,53],
		[2, "DF", -0,80, -0,05],
		[1, "GK", 0,00, 0,75],
	],
};

form_CornerKickAR <- {
	name = "form_CornerKickAR",
	data = [
		[11, "FW", 0,70, -0,88],
		[10, "FW", 0,30, -0,75],
		[9, "FW", -0,35, -0,78],
		[8, "MF", 0,00, 0,00],
		[7, "MF", 0,10, -0,55],
		[6, "DF", 0,80, -0,58],
		[5, "DF", 0,30, -0,25],
		[4, "DF", 0,80, -0,05],
		[3, "DF", 0,00, 0,53],
		[2, "DF", -0,25, -0,03],
		[1, "GK", 0,00, 0,75],
	],
};

form_GoalKickO <- {
	name = "form_GoalKickO",
	data = [
		[11, "FW", 0,75, -0,03],
		[10, "FW", 0,00, -0,23],
		[9, "FW", -0,75, -0,03],
		[8, "MF", 0,50, 0,20],
		[7, "MF", -0,50, 0,20],
		[6, "DF", 0,30, 0,40],
		[5, "DF", -0,30, 0,40],
		[4, "DF", 0,55, 0,65],
		[3, "DF", 0,00, 0,65],
		[2, "DF", -0,55, 0,65],
		[1, "GK", 0,00, 0,98],
	],
};

form_GoalKickT <- {
	name = "form_GoalKickT",
	data = [
		[11, "FW", 0,80, -0,65],
		[10, "FW", 0,00, -0,65],
		[9, "FW", -0,80, -0,65],
		[8, "MF", 0,50, -0,40],
		[7, "MF", -0,50, -0,40],
		[6, "DF", 0,30, -0,08],
		[5, "DF", -0,30, -0,08],
		[4, "DF", 0,55, 0,28],
		[3, "DF", 0,00, 0,53],
		[2, "DF", -0,55, 0,28],
		[1, "GK", 0,00, 0,75],
	],
};

form_show <- {
	name = "form_show",
	data = [
		[11, "FW", 0,75, 0,10],
		[10, "FW", 0,00, 0,10],
		[9, "FW", -0,75, 0,10],
		[8, "MF", 0,60, 0,35],
		[7, "MF", -0,60, 0,35],
		[6, "DF", 0,48, 0,50],
		[5, "DF", -0,48, 0,50],
		[4, "DF", 0,75, 0,80],
		[3, "DF", 0,00, 0,70],
		[2, "DF", -0,75, 0,80],
		[1, "GK", 0,00, 0,94],
	],
};

