form_start <- {
	name = "form_start",
	data = [
		[11, "FW", 0,30, 0,15],
		[10, "FW", -0,30, 0,15],
		[9, "MF", 0,60, 0,28],
		[8, "MF", 0,00, 0,33],
		[7, "MF", -0,60, 0,28],
		[6, "DF", 0,00, 0,50],
		[5, "DF", 0,60, 0,65],
		[4, "DF", 0,30, 0,58],
		[3, "DF", -0,30, 0,58],
		[2, "DF", -0,60, 0,65],
		[1, "GK", 0,00, 0,90],
	],
};

form_def <- {
	name = "form_def",
	data = [
		[11, "FW", 0,35, -0,20],
		[10, "FW", -0,35, -0,20],
		[9, "MF", 0,55, 0,18],
		[8, "MF", 0,00, 0,23],
		[7, "MF", -0,55, 0,18],
		[6, "DF", 0,00, 0,43],
		[5, "DF", 0,70, 0,63],
		[4, "DF", 0,35, 0,53],
		[3, "DF", -0,35, 0,53],
		[2, "DF", -0,70, 0,63],
		[1, "GK", 0,00, 0,90],
	],
};

form_attack <- {
	name = "form_attack",
	data = [
		[11, "FW", 0,25, -0,65],
		[10, "FW", -0,25, -0,65],
		[9, "MF", 0,80, -0,53],
		[8, "MF", 0,00, -0,30],
		[7, "MF", -0,80, -0,53],
		[6, "DF", 0,00, -0,03],
		[5, "DF", 0,55, 0,45],
		[4, "DF", 0,35, 0,18],
		[3, "DF", -0,35, 0,18],
		[2, "DF", -0,55, 0,45],
		[1, "GK", 0,00, 0,75],
	],
};

form_CornerKickDL <- {
	name = "form_CornerKickDL",
	data = [
		[11, "FW", 0,35, -0,20],
		[10, "FW", -0,35, -0,20],
		[9, "MF", 0,40, 0,30],
		[8, "MF", -0,05, 0,35],
		[7, "MF", -0,65, 0,43],
		[6, "DF", -0,20, 0,58],
		[5, "DF", 0,55, 0,63],
		[4, "DF", 0,20, 0,70],
		[3, "DF", -0,55, 0,73],
		[2, "DF", -0,70, 0,90],
		[1, "GK", -0,25, 0,98],
	],
};

form_CornerKickDR <- {
	name = "form_CornerKickDR",
	data = [
		[11, "FW", 0,35, -0,20],
		[10, "FW", -0,35, -0,20],
		[9, "MF", 0,65, 0,43],
		[8, "MF", 0,05, 0,35],
		[7, "MF", -0,40, 0,30],
		[6, "DF", 0,20, 0,58],
		[5, "DF", 0,70, 0,90],
		[4, "DF", 0,55, 0,73],
		[3, "DF", -0,20, 0,70],
		[2, "DF", -0,55, 0,63],
		[1, "GK", 0,25, 0,98],
	],
};

form_CornerKickAL <- {
	name = "form_CornerKickAL",
	data = [
		[11, "FW", -0,05, -0,78],
		[10, "FW", -0,55, -0,83],
		[9, "MF", 0,30, -0,60],
		[8, "MF", -0,80, -0,60],
		[7, "MF", 0,00, 0,00],
		[6, "DF", -0,35, -0,40],
		[5, "DF", 0,55, 0,45],
		[4, "DF", 0,30, -0,10],
		[3, "DF", -0,60, -0,13],
		[2, "DF", -0,55, 0,45],
		[1, "GK", 0,00, 0,75],
	],
};

form_CornerKickAR <- {
	name = "form_CornerKickAR",
	data = [
		[11, "FW", 0,55, -0,83],
		[10, "FW", 0,05, -0,78],
		[9, "MF", 0,00, 0,00],
		[8, "MF", 0,80, -0,60],
		[7, "MF", -0,30, -0,60],
		[6, "DF", 0,35, -0,40],
		[5, "DF", 0,55, 0,45],
		[4, "DF", 0,60, -0,13],
		[3, "DF", -0,30, -0,10],
		[2, "DF", -0,55, 0,45],
		[1, "GK", 0,00, 0,75],
	],
};

form_GoalKickO <- {
	name = "form_GoalKickO",
	data = [
		[11, "FW", 0,35, -0,18],
		[10, "FW", -0,35, -0,18],
		[9, "MF", 0,65, 0,10],
		[8, "MF", 0,00, 0,20],
		[7, "MF", -0,65, 0,10],
		[6, "DF", 0,00, 0,40],
		[5, "DF", 0,65, 0,78],
		[4, "DF", 0,25, 0,63],
		[3, "DF", -0,25, 0,63],
		[2, "DF", -0,65, 0,78],
		[1, "GK", 0,00, 0,98],
	],
};

form_GoalKickT <- {
	name = "form_GoalKickT",
	data = [
		[11, "FW", 0,25, -0,65],
		[10, "FW", -0,25, -0,65],
		[9, "MF", 0,80, -0,53],
		[8, "MF", 0,00, -0,30],
		[7, "MF", -0,80, -0,53],
		[6, "DF", 0,00, -0,03],
		[5, "DF", 0,55, 0,45],
		[4, "DF", 0,35, 0,18],
		[3, "DF", -0,35, 0,18],
		[2, "DF", -0,55, 0,45],
		[1, "GK", 0,00, 0,75],
	],
};

form_show <- {
	name = "form_show",
	data = [
		[11, "FW", 0,25, 0,10],
		[10, "FW", -0,25, 0,10],
		[9, "MF", 0,75, 0,23],
		[8, "MF", 0,00, 0,35],
		[7, "MF", -0,75, 0,23],
		[6, "DF", 0,00, 0,58],
		[5, "DF", 0,75, 0,83],
		[4, "DF", 0,48, 0,60],
		[3, "DF", -0,48, 0,60],
		[2, "DF", -0,75, 0,83],
		[1, "GK", 0,00, 0,94],
	],
};

