form_start <- {
	name = "form_start",
	data = [
		[11, "FW", 0,50, 0,10],
		[10, "FW", 0,00, 0,18],
		[9, "FW", -0,50, 0,10],
		[8, "MF", 0,70, 0,30],
		[7, "MF", 0,00, 0,38],
		[6, "MF", -0,70, 0,30],
		[5, "DF", 0,80, 0,58],
		[4, "DF", 0,30, 0,58],
		[3, "DF", -0,30, 0,58],
		[2, "DF", -0,80, 0,58],
		[1, "GK", 0,00, 0,90],
	],
};

form_def <- {
	name = "form_def",
	data = [
		[11, "FW", 0,60, -0,30],
		[10, "FW", 0,00, -0,15],
		[9, "FW", -0,60, -0,30],
		[8, "MF", 0,70, 0,05],
		[7, "MF", 0,00, 0,25],
		[6, "MF", -0,70, 0,05],
		[5, "DF", 0,70, 0,60],
		[4, "DF", 0,30, 0,60],
		[3, "DF", -0,30, 0,60],
		[2, "DF", -0,70, 0,60],
		[1, "GK", 0,00, 0,90],
	],
};

form_attack <- {
	name = "form_attack",
	data = [
		[11, "FW", 0,60, -0,65],
		[10, "FW", 0,00, -0,58],
		[9, "FW", -0,60, -0,65],
		[8, "MF", 0,85, -0,48],
		[7, "MF", 0,00, -0,33],
		[6, "MF", -0,85, -0,48],
		[5, "DF", 0,80, 0,35],
		[4, "DF", 0,30, 0,03],
		[3, "DF", -0,30, 0,03],
		[2, "DF", -0,80, 0,35],
		[1, "GK", 0,00, 0,73],
	],
};

form_CornerKickDL <- {
	name = "form_CornerKickDL",
	data = [
		[11, "FW", 0,60, -0,30],
		[10, "FW", 0,00, -0,15],
		[9, "FW", -0,60, 0,10],
		[8, "MF", 0,45, 0,38],
		[7, "MF", -0,35, 0,45],
		[6, "MF", -0,75, 0,60],
		[5, "DF", 0,15, 0,65],
		[4, "DF", -0,25, 0,70],
		[3, "DF", -0,55, 0,80],
		[2, "DF", -0,75, 0,90],
		[1, "GK", -0,20, 0,98],
	],
};

form_CornerKickDR <- {
	name = "form_CornerKickDR",
	data = [
		[11, "FW", 0,60, 0,10],
		[10, "FW", 0,00, -0,15],
		[9, "FW", -0,60, -0,30],
		[8, "MF", 0,75, 0,60],
		[7, "MF", 0,35, 0,45],
		[6, "MF", -0,45, 0,38],
		[5, "DF", 0,75, 0,90],
		[4, "DF", 0,55, 0,80],
		[3, "DF", 0,25, 0,70],
		[2, "DF", -0,15, 0,65],
		[1, "GK", 0,20, 0,98],
	],
};

form_CornerKickAL <- {
	name = "form_CornerKickAL",
	data = [
		[11, "FW", 0,40, -0,78],
		[10, "FW", -0,20, -0,80],
		[9, "FW", -0,70, -0,90],
		[8, "MF", 0,40, -0,55],
		[7, "MF", -0,25, -0,55],
		[6, "MF", 0,00, 0,00],
		[5, "DF", 0,75, -0,05],
		[4, "DF", 0,15, -0,23],
		[3, "DF", -0,55, -0,33],
		[2, "DF", -0,90, -0,53],
		[1, "GK", 0,00, 0,73],
	],
};

form_CornerKickAR <- {
	name = "form_CornerKickAR",
	data = [
		[11, "FW", 0,70, -0,90],
		[10, "FW", 0,20, -0,80],
		[9, "FW", -0,40, -0,78],
		[8, "MF", 0,00, 0,00],
		[7, "MF", 0,25, -0,55],
		[6, "MF", -0,40, -0,55],
		[5, "DF", 0,90, -0,53],
		[4, "DF", 0,55, -0,33],
		[3, "DF", -0,15, -0,23],
		[2, "DF", -0,75, -0,05],
		[1, "GK", 0,00, 0,73],
	],
};

form_GoalKickO <- {
	name = "form_GoalKickO",
	data = [
		[11, "FW", 0,60, -0,30],
		[10, "FW", 0,00, -0,15],
		[9, "FW", -0,60, -0,30],
		[8, "MF", 0,55, 0,23],
		[7, "MF", 0,00, 0,40],
		[6, "MF", -0,55, 0,23],
		[5, "DF", 0,70, 0,60],
		[4, "DF", 0,30, 0,60],
		[3, "DF", -0,30, 0,60],
		[2, "DF", -0,70, 0,60],
		[1, "GK", 0,00, 0,98],
	],
};

form_GoalKickT <- {
	name = "form_GoalKickT",
	data = [
		[11, "FW", 0,60, -0,65],
		[10, "FW", 0,00, -0,58],
		[9, "FW", -0,60, -0,65],
		[8, "MF", 0,85, -0,48],
		[7, "MF", 0,00, -0,33],
		[6, "MF", -0,85, -0,48],
		[5, "DF", 0,80, 0,35],
		[4, "DF", 0,30, 0,03],
		[3, "DF", -0,30, 0,03],
		[2, "DF", -0,80, 0,35],
		[1, "GK", 0,00, 0,73],
	],
};

form_show <- {
	name = "form_show",
	data = [
		[11, "FW", 0,55, 0,10],
		[10, "FW", 0,00, 0,15],
		[9, "FW", -0,55, 0,10],
		[8, "MF", 0,70, 0,33],
		[7, "MF", 0,00, 0,38],
		[6, "MF", -0,70, 0,33],
		[5, "DF", 0,75, 0,65],
		[4, "DF", 0,25, 0,65],
		[3, "DF", -0,25, 0,65],
		[2, "DF", -0,75, 0,65],
		[1, "GK", 0,00, 0,94],
	],
};

