form_start <- {
	name = "form_start",
	data = [
		[11, "FW", 0,00, 0,18],
		[10, "MF", 0,80, 0,30],
		[9, "MF", 0,35, 0,25],
		[8, "MF", -0,35, 0,25],
		[7, "MF", -0,80, 0,30],
		[6, "DF", 0,60, 0,63],
		[5, "DF", 0,30, 0,55],
		[4, "DF", 0,00, 0,63],
		[3, "DF", -0,30, 0,55],
		[2, "DF", -0,60, 0,63],
		[1, "GK", 0,00, 0,90],
	],
};

form_def <- {
	name = "form_def",
	data = [
		[11, "FW", 0,00, -0,20],
		[10, "MF", 0,80, 0,30],
		[9, "MF", 0,25, 0,18],
		[8, "MF", -0,25, 0,18],
		[7, "MF", -0,80, 0,30],
		[6, "DF", 0,60, 0,63],
		[5, "DF", 0,30, 0,45],
		[4, "DF", 0,00, 0,63],
		[3, "DF", -0,30, 0,45],
		[2, "DF", -0,60, 0,63],
		[1, "GK", 0,00, 0,90],
	],
};

form_attack <- {
	name = "form_attack",
	data = [
		[11, "FW", 0,00, -0,65],
		[10, "MF", 0,80, -0,28],
		[9, "MF", 0,35, -0,48],
		[8, "MF", -0,35, -0,48],
		[7, "MF", -0,80, -0,28],
		[6, "DF", 0,60, 0,25],
		[5, "DF", 0,35, -0,03],
		[4, "DF", 0,00, 0,50],
		[3, "DF", -0,35, -0,03],
		[2, "DF", -0,60, 0,25],
		[1, "GK", 0,00, 0,75],
	],
};

form_CornerKickDL <- {
	name = "form_CornerKickDL",
	data = [
		[11, "FW", 0,00, -0,20],
		[10, "MF", 0,80, 0,30],
		[9, "MF", 0,25, 0,35],
		[8, "MF", -0,25, 0,38],
		[7, "MF", -0,75, 0,48],
		[6, "DF", 0,35, 0,73],
		[5, "DF", 0,15, 0,63],
		[4, "DF", -0,25, 0,83],
		[3, "DF", -0,50, 0,63],
		[2, "DF", -0,65, 0,88],
		[1, "GK", -0,20, 0,98],
	],
};

form_CornerKickDR <- {
	name = "form_CornerKickDR",
	data = [
		[11, "FW", 0,00, -0,20],
		[10, "MF", 0,75, 0,48],
		[9, "MF", 0,25, 0,38],
		[8, "MF", -0,25, 0,35],
		[7, "MF", -0,80, 0,30],
		[6, "DF", 0,65, 0,88],
		[5, "DF", 0,50, 0,63],
		[4, "DF", 0,25, 0,83],
		[3, "DF", -0,15, 0,63],
		[2, "DF", -0,35, 0,73],
		[1, "GK", 0,20, 0,98],
	],
};

form_CornerKickAL <- {
	name = "form_CornerKickAL",
	data = [
		[11, "FW", -0,55, -0,90],
		[10, "MF", 0,40, -0,60],
		[9, "MF", -0,05, -0,63],
		[8, "MF", -0,80, -0,65],
		[7, "MF", 0,00, 0,00],
		[6, "DF", 0,45, 0,05],
		[5, "DF", 0,20, -0,28],
		[4, "DF", 0,00, 0,50],
		[3, "DF", -0,55, -0,35],
		[2, "DF", -0,75, -0,03],
		[1, "GK", 0,00, 0,75],
	],
};

form_CornerKickAR <- {
	name = "form_CornerKickAR",
	data = [
		[11, "FW", 0,55, -0,90],
		[10, "MF", 0,00, 0,00],
		[9, "MF", 0,80, -0,65],
		[8, "MF", 0,05, -0,63],
		[7, "MF", -0,40, -0,60],
		[6, "DF", 0,75, -0,03],
		[5, "DF", 0,55, -0,35],
		[4, "DF", 0,00, 0,50],
		[3, "DF", -0,20, -0,28],
		[2, "DF", -0,45, 0,05],
		[1, "GK", 0,00, 0,75],
	],
};

form_GoalKickO <- {
	name = "form_GoalKickO",
	data = [
		[11, "FW", 0,00, -0,20],
		[10, "MF", 0,80, 0,25],
		[9, "MF", 0,25, 0,10],
		[8, "MF", -0,25, 0,10],
		[7, "MF", -0,80, 0,25],
		[6, "DF", 0,60, 0,63],
		[5, "DF", 0,30, 0,40],
		[4, "DF", 0,00, 0,63],
		[3, "DF", -0,30, 0,40],
		[2, "DF", -0,60, 0,63],
		[1, "GK", 0,00, 0,98],
	],
};

form_GoalKickT <- {
	name = "form_GoalKickT",
	data = [
		[11, "FW", 0,00, -0,65],
		[10, "MF", 0,80, -0,28],
		[9, "MF", 0,35, -0,48],
		[8, "MF", -0,35, -0,48],
		[7, "MF", -0,80, -0,28],
		[6, "DF", 0,60, 0,25],
		[5, "DF", 0,35, -0,03],
		[4, "DF", 0,00, 0,50],
		[3, "DF", -0,35, -0,03],
		[2, "DF", -0,60, 0,25],
		[1, "GK", 0,00, 0,75],
	],
};

form_show <- {
	name = "form_show",
	data = [
		[11, "FW", 0,00, 0,10],
		[10, "MF", 0,75, 0,38],
		[9, "MF", 0,25, 0,33],
		[8, "MF", -0,25, 0,33],
		[7, "MF", -0,75, 0,38],
		[6, "DF", 0,75, 0,80],
		[5, "DF", 0,48, 0,50],
		[4, "DF", 0,00, 0,68],
		[3, "DF", -0,48, 0,50],
		[2, "DF", -0,75, 0,80],
		[1, "GK", 0,00, 0,94],
	],
};

