form_start <- {
	name = "form_start",
	data = [
		[11, "FW", 0,60, 0,15],
		[10, "FW", -0,60, 0,15],
		[9, "FW", 0,20, 0,15],
		[8, "FW", -0,20, 0,15],
		[7, "MF", 0,60, 0,40],
		[6, "MF", -0,60, 0,40],
		[5, "MF", 0,20, 0,40],
		[4, "MF", -0,20, 0,40],
		[3, "DF", 0,20, 0,65],
		[2, "DF", -0,20, 0,65],
		[1, "GK", 0,00, 0,90],
	],
};

form_def <- {
	name = "form_def",
	data = [
		[11, "FW", 0,60, -0,03],
		[10, "FW", -0,60, -0,03],
		[9, "FW", 0,20, -0,03],
		[8, "FW", -0,20, -0,03],
		[7, "MF", 0,60, 0,25],
		[6, "MF", -0,60, 0,25],
		[5, "MF", 0,20, 0,25],
		[4, "MF", -0,20, 0,25],
		[3, "DF", 0,20, 0,55],
		[2, "DF", -0,20, 0,55],
		[1, "GK", 0,00, 0,90],
	],
};

form_attack <- {
	name = "form_attack",
	data = [
		[11, "FW", 0,80, -0,70],
		[10, "FW", -0,80, -0,70],
		[9, "FW", 0,30, -0,70],
		[8, "FW", -0,30, -0,70],
		[7, "MF", 0,80, -0,28],
		[6, "MF", -0,80, -0,28],
		[5, "MF", 0,30, -0,28],
		[4, "MF", -0,30, -0,28],
		[3, "DF", 0,35, 0,30],
		[2, "DF", -0,35, 0,30],
		[1, "GK", 0,00, 0,75],
	],
};

form_CornerKickDL <- {
	name = "form_CornerKickDL",
	data = [
		[11, "FW", -0,10, -0,20],
		[10, "FW", -0,70, 0,30],
		[9, "FW", -0,10, 0,08],
		[8, "FW", -0,35, 0,30],
		[7, "MF", 0,20, 0,55],
		[6, "MF", -0,85, 0,65],
		[5, "MF", -0,15, 0,55],
		[4, "MF", -0,45, 0,65],
		[3, "DF", -0,20, 0,85],
		[2, "DF", -0,55, 0,85],
		[1, "GK", 0,00, 0,95],
	],
};

form_CornerKickDR <- {
	name = "form_CornerKickDR",
	data = [
		[11, "FW", 0,70, 0,30],
		[10, "FW", 0,10, -0,20],
		[9, "FW", 0,35, 0,30],
		[8, "FW", 0,10, 0,08],
		[7, "MF", 0,85, 0,65],
		[6, "MF", -0,20, 0,55],
		[5, "MF", 0,45, 0,65],
		[4, "MF", 0,15, 0,55],
		[3, "DF", 0,55, 0,85],
		[2, "DF", 0,20, 0,85],
		[1, "GK", 0,00, 0,95],
	],
};

form_CornerKickAL <- {
	name = "form_CornerKickAL",
	data = [
		[11, "FW", 0,80, -0,83],
		[10, "FW", -0,80, -0,83],
		[9, "FW", 0,30, -0,70],
		[8, "FW", -0,30, -0,70],
		[7, "MF", 0,70, -0,48],
		[6, "MF", 0,00, 0,00],
		[5, "MF", 0,00, -0,48],
		[4, "MF", -0,70, -0,48],
		[3, "DF", 0,35, -0,03],
		[2, "DF", -0,35, -0,03],
		[1, "GK", 0,00, 0,95],
	],
};

form_CornerKickAR <- {
	name = "form_CornerKickAR",
	data = [
		[11, "FW", 0,80, -0,83],
		[10, "FW", -0,80, -0,83],
		[9, "FW", 0,30, -0,70],
		[8, "FW", -0,30, -0,70],
		[7, "MF", 0,00, 0,00],
		[6, "MF", -0,70, -0,48],
		[5, "MF", 0,70, -0,48],
		[4, "MF", 0,00, -0,48],
		[3, "DF", 0,35, -0,03],
		[2, "DF", -0,35, -0,03],
		[1, "GK", 0,00, 0,95],
	],
};

form_GoalKickO <- {
	name = "form_GoalKickO",
	data = [
		[11, "FW", 0,55, 0,38],
		[10, "FW", -0,55, 0,38],
		[9, "FW", 0,25, -0,25],
		[8, "FW", -0,25, -0,25],
		[7, "MF", 0,45, 0,65],
		[6, "MF", -0,45, 0,65],
		[5, "MF", 0,15, 0,38],
		[4, "MF", -0,15, 0,38],
		[3, "DF", 0,25, 0,60],
		[2, "DF", -0,25, 0,60],
		[1, "GK", 0,00, 0,95],
	],
};

form_GoalKickT <- {
	name = "form_GoalKickT",
	data = [
		[11, "FW", 0,55, -0,65],
		[10, "FW", -0,55, -0,65],
		[9, "FW", 0,30, -0,63],
		[8, "FW", -0,30, -0,63],
		[7, "MF", 0,55, -0,25],
		[6, "MF", -0,55, -0,25],
		[5, "MF", 0,20, -0,45],
		[4, "MF", -0,20, -0,45],
		[3, "DF", 0,20, 0,25],
		[2, "DF", -0,20, 0,25],
		[1, "GK", 0,00, 0,90],
	],
};

form_show <- {
	name = "form_show",
	data = [
		[11, "FW", 0,75, 0,28],
		[10, "FW", -0,75, 0,28],
		[9, "FW", 0,25, 0,28],
		[8, "FW", -0,25, 0,28],
		[7, "MF", 0,75, 0,57],
		[6, "MF", -0,75, 0,57],
		[5, "MF", 0,25, 0,57],
		[4, "MF", -0,25, 0,57],
		[3, "DF", 0,38, 0,75],
		[2, "DF", -0,38, 0,75],
		[1, "GK", 0,00, 0,94],
	],
};

