form_start <- {
	name = "form_start",
	data = [
		[11, "FW", 0,40, 0,13],
		[10, "FW", -0,40, 0,13],
		[9, "FW", 0,00, 0,25],
		[8, "MF", 0,63, 0,32],
		[7, "MF", -0,63, 0,32],
		[6, "MF", 0,00, 0,45],
		[5, "DF", 0,80, 0,55],
		[4, "DF", -0,80, 0,55],
		[3, "DF", 0,30, 0,65],
		[2, "DF", -0,30, 0,65],
		[1, "GK", 0,00, 0,90],
	],
};

form_def <- {
	name = "form_def",
	data = [
		[11, "FW", 0,50, -0,30],
		[10, "FW", -0,50, -0,30],
		[9, "FW", 0,00, -0,18],
		[8, "MF", 0,50, 0,30],
		[7, "MF", -0,50, 0,30],
		[6, "MF", 0,00, 0,28],
		[5, "DF", 0,75, 0,63],
		[4, "DF", -0,75, 0,63],
		[3, "DF", 0,20, 0,65],
		[2, "DF", -0,20, 0,65],
		[1, "GK", 0,00, 0,90],
	],
};

form_attack <- {
	name = "form_attack",
	data = [
		[11, "FW", 0,45, -0,80],
		[10, "FW", -0,45, -0,80],
		[9, "FW", 0,00, -0,55],
		[8, "MF", 0,60, -0,38],
		[7, "MF", -0,60, -0,38],
		[6, "MF", 0,00, 0,00],
		[5, "DF", 0,80, 0,20],
		[4, "DF", -0,80, 0,20],
		[3, "DF", 0,40, 0,48],
		[2, "DF", -0,40, 0,48],
		[1, "GK", 0,00, 0,85],
	],
};

form_CornerKickDL <- {
	name = "form_CornerKickDL",
	data = [
		[11, "FW", 0,30, -0,20],
		[10, "FW", -0,85, 0,10],
		[9, "FW", -0,40, 0,25],
		[8, "MF", 0,20, 0,53],
		[7, "MF", -0,75, 0,58],
		[6, "MF", -0,30, 0,63],
		[5, "DF", 0,20, 0,93],
		[4, "DF", -0,75, 0,88],
		[3, "DF", 0,10, 0,80],
		[2, "DF", -0,40, 0,83],
		[1, "GK", 0,00, 0,95],
	],
};

form_CornerKickDR <- {
	name = "form_CornerKickDR",
	data = [
		[11, "FW", 0,85, 0,10],
		[10, "FW", -0,25, -0,20],
		[9, "FW", 0,35, 0,25],
		[8, "MF", 0,75, 0,58],
		[7, "MF", -0,20, 0,53],
		[6, "MF", 0,30, 0,63],
		[5, "DF", 0,75, 0,88],
		[4, "DF", -0,20, 0,93],
		[3, "DF", 0,40, 0,83],
		[2, "DF", -0,10, 0,80],
		[1, "GK", 0,00, 0,95],
	],
};

form_CornerKickAL <- {
	name = "form_CornerKickAL",
	data = [
		[11, "FW", -0,05, -0,78],
		[10, "FW", -0,70, -0,93],
		[9, "FW", -0,65, -0,65],
		[8, "MF", 0,35, -0,70],
		[7, "MF", 0,00, 0,00],
		[6, "MF", -0,25, -0,38],
		[5, "DF", 0,35, -0,45],
		[4, "DF", -0,85, -0,35],
		[3, "DF", 0,10, 0,18],
		[2, "DF", -0,50, -0,10],
		[1, "GK", 0,00, 0,90],
	],
};

form_CornerKickAR <- {
	name = "form_CornerKickAR",
	data = [
		[11, "FW", 0,70, -0,93],
		[10, "FW", 0,05, -0,78],
		[9, "FW", 0,65, -0,65],
		[8, "MF", 0,00, 0,00],
		[7, "MF", -0,30, -0,70],
		[6, "MF", 0,20, -0,38],
		[5, "DF", 0,85, -0,35],
		[4, "DF", -0,35, -0,45],
		[3, "DF", 0,50, -0,10],
		[2, "DF", -0,10, 0,18],
		[1, "GK", 0,00, 0,90],
	],
};

form_GoalKickO <- {
	name = "form_GoalKickO",
	data = [
		[11, "FW", 0,40, 0,10],
		[10, "FW", -0,40, 0,10],
		[9, "FW", 0,00, 0,10],
		[8, "MF", 0,50, 0,43],
		[7, "MF", -0,50, 0,43],
		[6, "MF", 0,00, 0,55],
		[5, "DF", 0,60, 0,68],
		[4, "DF", -0,60, 0,68],
		[3, "DF", 0,30, 0,63],
		[2, "DF", -0,30, 0,63],
		[1, "GK", 0,00, 0,95],
	],
};

form_GoalKickT <- {
	name = "form_GoalKickT",
	data = [
		[11, "FW", 0,30, -0,65],
		[10, "FW", -0,30, -0,65],
		[9, "FW", 0,00, -0,55],
		[8, "MF", 0,70, -0,35],
		[7, "MF", -0,70, -0,35],
		[6, "MF", 0,00, 0,00],
		[5, "DF", 0,80, 0,20],
		[4, "DF", -0,80, 0,20],
		[3, "DF", 0,40, 0,50],
		[2, "DF", -0,40, 0,50],
		[1, "GK", 0,00, 0,90],
	],
};

form_show <- {
	name = "form_show",
	data = [
		[11, "FW", 0,47, 0,13],
		[10, "FW", -0,47, 0,13],
		[9, "FW", 0,00, 0,28],
		[8, "MF", 0,70, 0,35],
		[7, "MF", -0,70, 0,35],
		[6, "MF", 0,00, 0,58],
		[5, "DF", 0,78, 0,60],
		[4, "DF", -0,78, 0,60],
		[3, "DF", 0,40, 0,78],
		[2, "DF", -0,40, 0,78],
		[1, "GK", 0,00, 0,94],
	],
};

