form_start <- {
	name = "form_start",
	data = [
		[11, "FW", 0,45, 0,20],
		[10, "FW", 0,00, 0,13],
		[9, "FW", -0,45, 0,20],
		[8, "MF", 0,75, 0,30],
		[7, "MF", 0,30, 0,38],
		[6, "MF", -0,30, 0,38],
		[5, "MF", -0,75, 0,30],
		[4, "DF", 0,55, 0,60],
		[3, "DF", 0,00, 0,53],
		[2, "DF", -0,55, 0,60],
		[1, "GK", 0,00, 0,90],
	],
};

form_def <- {
	name = "form_def",
	data = [
		[11, "FW", 0,55, -0,13],
		[10, "FW", 0,00, -0,30],
		[9, "FW", -0,55, -0,13],
		[8, "MF", 0,65, 0,28],
		[7, "MF", 0,40, 0,38],
		[6, "MF", -0,40, 0,38],
		[5, "MF", -0,65, 0,28],
		[4, "DF", 0,45, 0,60],
		[3, "DF", 0,00, 0,53],
		[2, "DF", -0,45, 0,60],
		[1, "GK", 0,00, 0,90],
	],
};

form_attack <- {
	name = "form_attack",
	data = [
		[11, "FW", 0,50, -0,78],
		[10, "FW", 0,00, -0,85],
		[9, "FW", -0,50, -0,78],
		[8, "MF", 0,85, -0,65],
		[7, "MF", 0,75, -0,40],
		[6, "MF", -0,75, -0,40],
		[5, "MF", -0,85, -0,65],
		[4, "DF", 0,55, 0,23],
		[3, "DF", 0,00, -0,15],
		[2, "DF", -0,55, 0,23],
		[1, "GK", 0,00, 0,75],
	],
};

form_CornerKickDL <- {
	name = "form_CornerKickDL",
	data = [
		[11, "FW", 0,10, 0,10],
		[10, "FW", -0,20, -0,25],
		[9, "FW", -0,65, 0,23],
		[8, "MF", 0,40, 0,40],
		[7, "MF", -0,05, 0,53],
		[6, "MF", -0,40, 0,63],
		[5, "MF", -0,85, 0,65],
		[4, "DF", 0,25, 0,83],
		[3, "DF", -0,35, 0,80],
		[2, "DF", -0,70, 0,93],
		[1, "GK", 0,00, 0,98],
	],
};

form_CornerKickDR <- {
	name = "form_CornerKickDR",
	data = [
		[11, "FW", 0,65, 0,23],
		[10, "FW", 0,20, -0,25],
		[9, "FW", -0,10, 0,10],
		[8, "MF", 0,85, 0,65],
		[7, "MF", 0,40, 0,63],
		[6, "MF", 0,05, 0,53],
		[5, "MF", -0,40, 0,40],
		[4, "DF", 0,70, 0,93],
		[3, "DF", 0,35, 0,80],
		[2, "DF", -0,25, 0,83],
		[1, "GK", 0,00, 0,98],
	],
};

form_CornerKickAL <- {
	name = "form_CornerKickAL",
	data = [
		[11, "FW", -0,05, -0,85],
		[10, "FW", -0,35, -0,95],
		[9, "FW", -0,60, -0,88],
		[8, "MF", 0,45, -0,75],
		[7, "MF", -0,35, -0,63],
		[6, "MF", -0,80, -0,70],
		[5, "MF", 0,00, 0,00],
		[4, "DF", -0,10, 0,03],
		[3, "DF", -0,15, -0,43],
		[2, "DF", -0,70, -0,23],
		[1, "GK", -0,15, 0,70],
	],
};

form_CornerKickAR <- {
	name = "form_CornerKickAR",
	data = [
		[11, "FW", 0,60, -0,88],
		[10, "FW", 0,35, -0,95],
		[9, "FW", 0,05, -0,85],
		[8, "MF", 0,00, 0,00],
		[7, "MF", 0,80, -0,70],
		[6, "MF", 0,35, -0,63],
		[5, "MF", -0,45, -0,75],
		[4, "DF", 0,70, -0,23],
		[3, "DF", 0,15, -0,43],
		[2, "DF", 0,10, 0,03],
		[1, "GK", 0,15, 0,70],
	],
};

form_GoalKickO <- {
	name = "form_GoalKickO",
	data = [
		[11, "FW", 0,45, -0,03],
		[10, "FW", 0,00, -0,23],
		[9, "FW", -0,45, -0,03],
		[8, "MF", 0,80, 0,53],
		[7, "MF", 0,35, 0,38],
		[6, "MF", -0,30, 0,38],
		[5, "MF", -0,80, 0,53],
		[4, "DF", 0,65, 0,75],
		[3, "DF", 0,00, 0,65],
		[2, "DF", -0,65, 0,75],
		[1, "GK", 0,00, 0,98],
	],
};

form_GoalKickT <- {
	name = "form_GoalKickT",
	data = [
		[11, "FW", 0,70, -0,85],
		[10, "FW", 0,00, -0,63],
		[9, "FW", -0,70, -0,85],
		[8, "MF", 0,80, -0,68],
		[7, "MF", 0,55, -0,55],
		[6, "MF", -0,55, -0,55],
		[5, "MF", -0,80, -0,68],
		[4, "DF", 0,55, -0,25],
		[3, "DF", 0,00, -0,40],
		[2, "DF", -0,55, -0,25],
		[1, "GK", 0,00, 0,38],
	],
};

form_show <- {
	name = "form_show",
	data = [
		[11, "FW", 0,50, 0,13],
		[10, "FW", 0,00, 0,10],
		[9, "FW", -0,50, 0,13],
		[8, "MF", 0,75, 0,35],
		[7, "MF", 0,25, 0,38],
		[6, "MF", -0,25, 0,38],
		[5, "MF", -0,75, 0,35],
		[4, "DF", 0,60, 0,65],
		[3, "DF", 0,00, 0,60],
		[2, "DF", -0,60, 0,65],
		[1, "GK", 0,00, 0,94],
	],
};

