form_start <- {
	name = "form_start",
	data = [
		[11, "FW", 0,00, 0,10],
		[10, "FW", 0,00, 0,25],
		[9, "MF", 0,50, 0,45],
		[8, "MF", -0,50, 0,45],
		[7, "MF", 0,80, 0,45],
		[6, "MF", -0,80, 0,45],
		[5, "MF", 0,20, 0,45],
		[4, "MF", -0,20, 0,45],
		[3, "DF", 0,25, 0,65],
		[2, "DF", -0,25, 0,65],
		[1, "GK", 0,00, 0,90],
	],
};

form_def <- {
	name = "form_def",
	data = [
		[11, "FW", 0,00, -0,45],
		[10, "FW", 0,00, -0,13],
		[9, "MF", 0,50, 0,23],
		[8, "MF", -0,50, 0,23],
		[7, "MF", 0,80, 0,53],
		[6, "MF", -0,80, 0,53],
		[5, "MF", 0,25, 0,53],
		[4, "MF", -0,25, 0,53],
		[3, "DF", 0,10, 0,65],
		[2, "DF", -0,10, 0,65],
		[1, "GK", 0,00, 0,90],
	],
};

form_attack <- {
	name = "form_attack",
	data = [
		[11, "FW", 0,00, -0,75],
		[10, "FW", 0,00, -0,55],
		[9, "MF", 0,75, -0,70],
		[8, "MF", -0,75, -0,70],
		[7, "MF", 0,50, -0,40],
		[6, "MF", -0,50, -0,40],
		[5, "MF", 0,25, -0,10],
		[4, "MF", -0,25, -0,10],
		[3, "DF", 0,25, 0,53],
		[2, "DF", -0,25, 0,53],
		[1, "GK", 0,00, 0,83],
	],
};

form_CornerKickDL <- {
	name = "form_CornerKickDL",
	data = [
		[11, "FW", -0,05, -0,30],
		[10, "FW", -0,45, 0,10],
		[9, "MF", -0,05, 0,40],
		[8, "MF", -0,70, 0,55],
		[7, "MF", 0,25, 0,63],
		[6, "MF", -0,80, 0,85],
		[5, "MF", -0,10, 0,70],
		[4, "MF", -0,45, 0,80],
		[3, "DF", 0,15, 0,85],
		[2, "DF", -0,15, 0,85],
		[1, "GK", 0,00, 0,95],
	],
};

form_CornerKickDR <- {
	name = "form_CornerKickDR",
	data = [
		[11, "FW", 0,05, -0,30],
		[10, "FW", 0,45, 0,10],
		[9, "MF", 0,70, 0,55],
		[8, "MF", 0,05, 0,40],
		[7, "MF", 0,80, 0,85],
		[6, "MF", -0,25, 0,63],
		[5, "MF", 0,45, 0,80],
		[4, "MF", 0,10, 0,70],
		[3, "DF", 0,15, 0,85],
		[2, "DF", -0,15, 0,85],
		[1, "GK", 0,00, 0,95],
	],
};

form_CornerKickAL <- {
	name = "form_CornerKickAL",
	data = [
		[11, "FW", -0,30, -0,80],
		[10, "FW", -0,60, -0,63],
		[9, "MF", 0,50, -0,80],
		[8, "MF", -0,80, -0,85],
		[7, "MF", 0,05, -0,58],
		[6, "MF", 0,00, 0,00],
		[5, "MF", 0,25, -0,33],
		[4, "MF", -0,35, -0,45],
		[3, "DF", -0,10, 0,18],
		[2, "DF", -0,65, -0,20],
		[1, "GK", 0,00, 0,83],
	],
};

form_CornerKickAR <- {
	name = "form_CornerKickAR",
	data = [
		[11, "FW", 0,30, -0,80],
		[10, "FW", 0,60, -0,63],
		[9, "MF", 0,80, -0,85],
		[8, "MF", -0,50, -0,80],
		[7, "MF", 0,00, 0,00],
		[6, "MF", -0,05, -0,58],
		[5, "MF", 0,35, -0,45],
		[4, "MF", -0,25, -0,33],
		[3, "DF", 0,65, -0,20],
		[2, "DF", 0,10, 0,18],
		[1, "GK", 0,00, 0,83],
	],
};

form_GoalKickO <- {
	name = "form_GoalKickO",
	data = [
		[11, "FW", 0,00, -0,17],
		[10, "FW", 0,00, 0,13],
		[9, "MF", 0,50, 0,30],
		[8, "MF", -0,50, 0,30],
		[7, "MF", 0,65, 0,70],
		[6, "MF", -0,65, 0,70],
		[5, "MF", 0,25, 0,45],
		[4, "MF", -0,25, 0,45],
		[3, "DF", 0,20, 0,60],
		[2, "DF", -0,20, 0,60],
		[1, "GK", 0,00, 0,95],
	],
};

form_GoalKickT <- {
	name = "form_GoalKickT",
	data = [
		[11, "FW", 0,00, -0,58],
		[10, "FW", 0,00, -0,50],
		[9, "MF", 0,65, -0,73],
		[8, "MF", -0,65, -0,73],
		[7, "MF", 0,45, -0,48],
		[6, "MF", -0,45, -0,48],
		[5, "MF", 0,15, -0,30],
		[4, "MF", -0,15, -0,30],
		[3, "DF", 0,10, 0,15],
		[2, "DF", -0,10, 0,15],
		[1, "GK", 0,00, 0,90],
	],
};

form_show <- {
	name = "form_show",
	data = [
		[11, "FW", 0,00, 0,10],
		[10, "FW", 0,00, 0,33],
		[9, "MF", 0,48, 0,38],
		[8, "MF", -0,48, 0,38],
		[7, "MF", 0,75, 0,58],
		[6, "MF", -0,75, 0,58],
		[5, "MF", 0,25, 0,58],
		[4, "MF", -0,25, 0,58],
		[3, "DF", 0,40, 0,75],
		[2, "DF", -0,40, 0,75],
		[1, "GK", 0,00, 0,94],
	],
};

