form_start <- {
	name = "form_start",
	data = [
		[11, "FW", 0,00, 0,13],
		[10, "MF", 0,60, 0,30],
		[9, "MF", -0,60, 0,30],
		[8, "MF", 0,00, 0,30],
		[7, "MF", 0,30, 0,45],
		[6, "MF", -0,30, 0,45],
		[5, "DF", 0,70, 0,55],
		[4, "DF", -0,70, 0,55],
		[3, "DF", 0,30, 0,65],
		[2, "DF", -0,30, 0,65],
		[1, "GK", 0,00, 0,90],
	],
};

form_def <- {
	name = "form_def",
	data = [
		[11, "FW", 0,00, -0,58],
		[10, "MF", 0,50, 0,20],
		[9, "MF", -0,50, 0,20],
		[8, "MF", 0,00, -0,23],
		[7, "MF", 0,20, 0,30],
		[6, "MF", -0,20, 0,30],
		[5, "DF", 0,60, 0,58],
		[4, "DF", -0,60, 0,58],
		[3, "DF", 0,15, 0,65],
		[2, "DF", -0,15, 0,65],
		[1, "GK", 0,00, 0,90],
	],
};

form_attack <- {
	name = "form_attack",
	data = [
		[11, "FW", 0,00, -0,73],
		[10, "MF", 0,40, -0,68],
		[9, "MF", -0,40, -0,68],
		[8, "MF", 0,00, -0,50],
		[7, "MF", 0,75, -0,50],
		[6, "MF", -0,75, -0,50],
		[5, "DF", 0,35, -0,23],
		[4, "DF", -0,35, -0,23],
		[3, "DF", 0,15, 0,50],
		[2, "DF", -0,15, 0,50],
		[1, "GK", 0,00, 0,80],
	],
};

form_CornerKickDL <- {
	name = "form_CornerKickDL",
	data = [
		[11, "FW", -0,10, -0,25],
		[10, "MF", 0,25, 0,45],
		[9, "MF", -0,80, 0,45],
		[8, "MF", -0,30, 0,18],
		[7, "MF", -0,15, 0,60],
		[6, "MF", -0,50, 0,63],
		[5, "DF", 0,20, 0,80],
		[4, "DF", -0,85, 0,75],
		[3, "DF", -0,20, 0,85],
		[2, "DF", -0,50, 0,90],
		[1, "GK", 0,00, 0,95],
	],
};

form_CornerKickDR <- {
	name = "form_CornerKickDR",
	data = [
		[11, "FW", 0,10, -0,25],
		[10, "MF", 0,80, 0,45],
		[9, "MF", -0,25, 0,45],
		[8, "MF", 0,30, 0,18],
		[7, "MF", 0,50, 0,63],
		[6, "MF", 0,15, 0,60],
		[5, "DF", 0,85, 0,75],
		[4, "DF", -0,20, 0,80],
		[3, "DF", 0,50, 0,90],
		[2, "DF", 0,20, 0,85],
		[1, "GK", 0,00, 0,95],
	],
};

form_CornerKickAL <- {
	name = "form_CornerKickAL",
	data = [
		[11, "FW", -0,35, -0,85],
		[10, "MF", 0,05, -0,78],
		[9, "MF", -0,80, -0,88],
		[8, "MF", -0,60, -0,65],
		[7, "MF", 0,50, -0,65],
		[6, "MF", 0,00, 0,00],
		[5, "DF", -0,10, -0,38],
		[4, "DF", -0,75, -0,43],
		[3, "DF", 0,20, 0,13],
		[2, "DF", -0,45, -0,08],
		[1, "GK", 0,00, 0,90],
	],
};

form_CornerKickAR <- {
	name = "form_CornerKickAR",
	data = [
		[11, "FW", 0,35, -0,85],
		[10, "MF", 0,80, -0,88],
		[9, "MF", -0,05, -0,78],
		[8, "MF", 0,55, -0,65],
		[7, "MF", 0,00, 0,00],
		[6, "MF", -0,55, -0,65],
		[5, "DF", 0,75, -0,43],
		[4, "DF", 0,10, -0,38],
		[3, "DF", 0,45, -0,08],
		[2, "DF", -0,20, 0,13],
		[1, "GK", 0,00, 0,90],
	],
};

form_GoalKickO <- {
	name = "form_GoalKickO",
	data = [
		[11, "FW", 0,00, -0,15],
		[10, "MF", 0,40, 0,28],
		[9, "MF", -0,40, 0,28],
		[8, "MF", 0,00, 0,15],
		[7, "MF", 0,10, 0,40],
		[6, "MF", -0,10, 0,40],
		[5, "DF", 0,66, 0,60],
		[4, "DF", -0,65, 0,60],
		[3, "DF", 0,15, 0,58],
		[2, "DF", -0,15, 0,58],
		[1, "GK", 0,00, 0,95],
	],
};

form_GoalKickT <- {
	name = "form_GoalKickT",
	data = [
		[11, "FW", 0,00, -0,58],
		[10, "MF", 0,50, -0,63],
		[9, "MF", -0,50, -0,63],
		[8, "MF", 0,00, -0,45],
		[7, "MF", 0,75, -0,38],
		[6, "MF", -0,75, -0,38],
		[5, "DF", 0,25, -0,30],
		[4, "DF", -0,25, -0,30],
		[3, "DF", 0,15, 0,05],
		[2, "DF", -0,15, 0,05],
		[1, "GK", 0,00, 0,90],
	],
};

form_show <- {
	name = "form_show",
	data = [
		[11, "FW", 0,00, 0,13],
		[10, "MF", 0,65, 0,35],
		[9, "MF", -0,65, 0,35],
		[8, "MF", 0,00, 0,35],
		[7, "MF", 0,38, 0,56],
		[6, "MF", -0,38, 0,56],
		[5, "DF", 0,78, 0,66],
		[4, "DF", -0,78, 0,66],
		[3, "DF", 0,38, 0,75],
		[2, "DF", -0,38, 0,75],
		[1, "GK", 0,00, 0,94],
	],
};

