form_start <- {
	name = "form_start",
	data = [
		[11, "MF", 0,00, 0,35],
		[10, "FW", 0,00, 0,18],
		[9, "MF", 0,40, 0,35],
		[8, "MF", -0,40, 0,35],
		[7, "DF", 0,00, 0,53],
		[6, "DF", 0,80, 0,70],
		[5, "DF", 0,40, 0,70],
		[4, "DF", 0,00, 0,70],
		[3, "DF", -0,40, 0,70],
		[2, "DF", -0,80, 0,70],
		[1, "GK", 0,00, 0,90],
	],
};

form_def <- {
	name = "form_def",
	data = [
		[11, "MF", 0,00, 0,13],
		[10, "FW", 0,00, -0,18],
		[9, "MF", 0,50, 0,20],
		[8, "MF", -0,50, 0,20],
		[7, "DF", 0,00, 0,38],
		[6, "DF", 0,80, 0,63],
		[5, "DF", 0,40, 0,63],
		[4, "DF", 0,00, 0,63],
		[3, "DF", -0,40, 0,63],
		[2, "DF", -0,80, 0,63],
		[1, "GK", 0,00, 0,90],
	],
};

form_attack <- {
	name = "form_attack",
	data = [
		[11, "MF", 0,00, -0,45],
		[10, "FW", 0,00, -0,65],
		[9, "MF", 0,60, -0,45],
		[8, "MF", -0,60, -0,45],
		[7, "DF", 0,00, -0,15],
		[6, "DF", 0,80, 0,08],
		[5, "DF", 0,40, 0,30],
		[4, "DF", 0,00, 0,55],
		[3, "DF", -0,40, 0,30],
		[2, "DF", -0,80, 0,08],
		[1, "GK", 0,00, 0,78],
	],
};

form_CornerKickDL <- {
	name = "form_CornerKickDL",
	data = [
		[11, "MF", -0,15, 0,23],
		[10, "FW", 0,00, -0,18],
		[9, "MF", 0,30, 0,35],
		[8, "MF", -0,70, 0,28],
		[7, "DF", -0,35, 0,50],
		[6, "DF", 0,55, 0,60],
		[5, "DF", 0,25, 0,70],
		[4, "DF", -0,15, 0,68],
		[3, "DF", -0,55, 0,73],
		[2, "DF", -0,75, 0,90],
		[1, "GK", -0,20, 0,98],
	],
};

form_CornerKickDR <- {
	name = "form_CornerKickDR",
	data = [
		[11, "MF", 0,15, 0,23],
		[10, "FW", 0,00, -0,18],
		[9, "MF", 0,70, 0,28],
		[8, "MF", -0,30, 0,35],
		[7, "DF", 0,35, 0,50],
		[6, "DF", 0,75, 0,90],
		[5, "DF", 0,55, 0,73],
		[4, "DF", 0,15, 0,68],
		[3, "DF", -0,25, 0,70],
		[2, "DF", -0,55, 0,60],
		[1, "GK", 0,20, 0,98],
	],
};

form_CornerKickAL <- {
	name = "form_CornerKickAL",
	data = [
		[11, "MF", -0,20, -0,60],
		[10, "FW", -0,40, -0,85],
		[9, "MF", 0,40, -0,55],
		[8, "MF", -0,85, -0,73],
		[7, "DF", -0,35, -0,38],
		[6, "DF", 0,70, -0,23],
		[5, "DF", 0,15, -0,03],
		[4, "DF", -0,30, 0,23],
		[3, "DF", -0,80, -0,08],
		[2, "DF", 0,00, 0,00],
		[1, "GK", 0,00, 0,78],
	],
};

form_CornerKickAR <- {
	name = "form_CornerKickAR",
	data = [
		[11, "MF", 0,20, -0,60],
		[10, "FW", 0,40, -0,85],
		[9, "MF", 0,85, -0,73],
		[8, "MF", -0,40, -0,55],
		[7, "DF", 0,35, -0,38],
		[6, "DF", 0,00, 0,00],
		[5, "DF", 0,80, -0,08],
		[4, "DF", 0,30, 0,23],
		[3, "DF", -0,15, -0,03],
		[2, "DF", -0,70, -0,23],
		[1, "GK", 0,00, 0,78],
	],
};

form_GoalKickO <- {
	name = "form_GoalKickO",
	data = [
		[11, "MF", 0,00, -0,55],
		[10, "FW", 0,00, -0,75],
		[9, "MF", 0,60, -0,55],
		[8, "MF", -0,60, -0,55],
		[7, "DF", 0,00, -0,35],
		[6, "DF", 0,80, -0,18],
		[5, "DF", 0,40, 0,05],
		[4, "DF", 0,00, 0,33],
		[3, "DF", -0,40, 0,05],
		[2, "DF", -0,80, -0,18],
		[1, "GK", 0,00, 0,78],
	],
};

form_GoalKickT <- {
	name = "form_GoalKickT",
	data = [
		[11, "MF", 0,00, -0,45],
		[10, "FW", 0,00, -0,65],
		[9, "MF", 0,60, -0,45],
		[8, "MF", -0,60, -0,45],
		[7, "DF", 0,00, -0,15],
		[6, "DF", 0,80, 0,08],
		[5, "DF", 0,40, 0,30],
		[4, "DF", 0,00, 0,55],
		[3, "DF", -0,40, 0,30],
		[2, "DF", -0,80, 0,08],
		[1, "GK", 0,00, 0,78],
	],
};

form_show <- {
	name = "form_show",
	data = [
		[11, "MF", 0,28, 0,35],
		[10, "FW", 0,00, 0,10],
		[9, "MF", 0,75, 0,23],
		[8, "MF", -0,75, 0,23],
		[7, "DF", -0,28, 0,35],
		[6, "DF", 0,75, 0,80],
		[5, "DF", 0,48, 0,50],
		[4, "DF", 0,00, 0,50],
		[3, "DF", -0,48, 0,50],
		[2, "DF", -0,75, 0,80],
		[1, "GK", 0,00, 0,94],
	],
};

