form_start <- {
	name = "form_start",
	data = [
		[11, "FW", 0,40, 0,13],
		[10, "FW", -0,40, 0,13],
		[9, "MF", 0,70, 0,30],
		[8, "MF", -0,70, 0,30],
		[7, "MF", 0,20, 0,30],
		[6, "MF", -0,20, 0,30],
		[5, "DF", 0,40, 0,58],
		[4, "DF", -0,40, 0,58],
		[3, "DF", 0,00, 0,48],
		[2, "DF", 0,00, 0,68],
		[1, "GK", 0,00, 0,90],
	],
};

form_def <- {
	name = "form_def",
	data = [
		[11, "FW", 0,25, -0,53],
		[10, "FW", -0,25, -0,53],
		[9, "MF", 0,60, -0,08],
		[8, "MF", -0,60, -0,08],
		[7, "MF", 0,20, 0,10],
		[6, "MF", -0,20, 0,10],
		[5, "DF", 0,40, 0,55],
		[4, "DF", -0,40, 0,55],
		[3, "DF", 0,00, 0,48],
		[2, "DF", 0,00, 0,68],
		[1, "GK", 0,00, 0,90],
	],
};

form_attack <- {
	name = "form_attack",
	data = [
		[11, "FW", 0,20, -0,68],
		[10, "FW", -0,20, -0,68],
		[9, "MF", 0,55, -0,68],
		[8, "MF", -0,55, -0,68],
		[7, "MF", 0,10, -0,48],
		[6, "MF", -0,10, -0,48],
		[5, "DF", 0,35, -0,30],
		[4, "DF", -0,35, -0,30],
		[3, "DF", 0,00, 0,00],
		[2, "DF", 0,00, 0,43],
		[1, "GK", 0,00, 0,78],
	],
};

form_CornerKickDL <- {
	name = "form_CornerKickDL",
	data = [
		[11, "FW", 0,15, -0,25],
		[10, "FW", -0,45, -0,15],
		[9, "MF", 0,15, 0,23],
		[8, "MF", -0,75, 0,23],
		[7, "MF", 0,25, 0,55],
		[6, "MF", -0,35, 0,45],
		[5, "DF", -0,10, 0,80],
		[4, "DF", -0,85, 0,80],
		[3, "DF", -0,50, 0,65],
		[2, "DF", -0,50, 0,90],
		[1, "GK", 0,00, 0,95],
	],
};

form_CornerKickDR <- {
	name = "form_CornerKickDR",
	data = [
		[11, "FW", 0,45, -0,15],
		[10, "FW", -0,15, -0,25],
		[9, "MF", 0,75, 0,23],
		[8, "MF", -0,15, 0,23],
		[7, "MF", 0,35, 0,45],
		[6, "MF", -0,25, 0,55],
		[5, "DF", 0,85, 0,80],
		[4, "DF", 0,10, 0,80],
		[3, "DF", 0,50, 0,65],
		[2, "DF", 0,50, 0,90],
		[1, "GK", 0,00, 0,95],
	],
};

form_CornerKickAL <- {
	name = "form_CornerKickAL",
	data = [
		[11, "FW", -0,15, -0,78],
		[10, "FW", -0,55, -0,93],
		[9, "MF", 0,35, -0,83],
		[8, "MF", 0,00, 0,00],
		[7, "MF", 0,15, -0,63],
		[6, "MF", -0,55, -0,63],
		[5, "DF", -0,10, -0,40],
		[4, "DF", -0,80, -0,48],
		[3, "DF", -0,35, -0,13],
		[2, "DF", 0,00, 0,10],
		[1, "GK", 0,00, 0,90],
	],
};

form_CornerKickAR <- {
	name = "form_CornerKickAR",
	data = [
		[11, "FW", 0,55, -0,93],
		[10, "FW", 0,15, -0,78],
		[9, "MF", 0,00, 0,00],
		[8, "MF", -0,35, -0,83],
		[7, "MF", 0,55, -0,63],
		[6, "MF", -0,15, -0,63],
		[5, "DF", 0,80, -0,48],
		[4, "DF", 0,10, -0,40],
		[3, "DF", 0,35, -0,13],
		[2, "DF", 0,00, 0,10],
		[1, "GK", 0,00, 0,90],
	],
};

form_GoalKickO <- {
	name = "form_GoalKickO",
	data = [
		[11, "FW", 0,15, 0,08],
		[10, "FW", -0,15, 0,08],
		[9, "MF", 0,60, 0,50],
		[8, "MF", -0,60, 0,50],
		[7, "MF", 0,25, 0,28],
		[6, "MF", -0,25, 0,28],
		[5, "DF", 0,50, 0,65],
		[4, "DF", -0,50, 0,65],
		[3, "DF", 0,00, 0,43],
		[2, "DF", 0,00, 0,58],
		[1, "GK", 0,00, 0,95],
	],
};

form_GoalKickT <- {
	name = "form_GoalKickT",
	data = [
		[11, "FW", 0,20, -0,60],
		[10, "FW", -0,20, -0,60],
		[9, "MF", 0,60, -0,65],
		[8, "MF", -0,60, -0,65],
		[7, "MF", 0,10, -0,48],
		[6, "MF", -0,10, -0,48],
		[5, "DF", 0,50, -0,40],
		[4, "DF", -0,50, -0,40],
		[3, "DF", 0,00, -0,20],
		[2, "DF", 0,00, 0,13],
		[1, "GK", 0,00, 0,90],
	],
};

form_show <- {
	name = "form_show",
	data = [
		[11, "FW", 0,50, 0,13],
		[10, "FW", -0,50, 0,13],
		[9, "MF", 0,75, 0,35],
		[8, "MF", -0,75, 0,35],
		[7, "MF", 0,25, 0,35],
		[6, "MF", -0,25, 0,35],
		[5, "DF", 0,60, 0,64],
		[4, "DF", -0,60, 0,64],
		[3, "DF", 0,00, 0,55],
		[2, "DF", 0,00, 0,76],
		[1, "GK", 0,00, 0,94],
	],
};

