form_start <- {
	name = "form_start",
	data = [
		[11, "FW", 0,65, 0,23],
		[10, "FW", 0,20, 0,18],
		[9, "FW", -0,20, 0,18],
		[8, "FW", -0,65, 0,23],
		[7, "MF", 0,30, 0,35],
		[6, "MF", -0,30, 0,35],
		[5, "MF", 0,30, 0,53],
		[4, "MF", -0,30, 0,53],
		[3, "DF", 0,30, 0,70],
		[2, "DF", -0,30, 0,70],
		[1, "GK", 0,00, 0,90],
	],
};

form_def <- {
	name = "form_def",
	data = [
		[11, "FW", 0,65, -0,08],
		[10, "FW", 0,25, -0,33],
		[9, "FW", -0,25, -0,33],
		[8, "FW", -0,65, -0,08],
		[7, "MF", 0,30, 0,15],
		[6, "MF", -0,30, 0,15],
		[5, "MF", 0,55, 0,35],
		[4, "MF", -0,55, 0,35],
		[3, "DF", 0,25, 0,63],
		[2, "DF", -0,25, 0,63],
		[1, "GK", 0,00, 0,90],
	],
};

form_attack <- {
	name = "form_attack",
	data = [
		[11, "FW", 0,80, -0,58],
		[10, "FW", 0,25, -0,65],
		[9, "FW", -0,25, -0,65],
		[8, "FW", -0,80, -0,58],
		[7, "MF", 0,35, -0,33],
		[6, "MF", -0,35, -0,33],
		[5, "MF", 0,35, -0,05],
		[4, "MF", -0,35, -0,05],
		[3, "DF", 0,30, 0,33],
		[2, "DF", -0,30, 0,33],
		[1, "GK", 0,00, 0,73],
	],
};

form_CornerKickDL <- {
	name = "form_CornerKickDL",
	data = [
		[11, "FW", 0,15, 0,05],
		[10, "FW", 0,25, -0,33],
		[9, "FW", -0,25, -0,33],
		[8, "FW", -0,55, 0,23],
		[7, "MF", 0,45, 0,38],
		[6, "MF", -0,30, 0,53],
		[5, "MF", 0,10, 0,65],
		[4, "MF", -0,70, 0,68],
		[3, "DF", -0,10, 0,80],
		[2, "DF", -0,55, 0,90],
		[1, "GK", -0,20, 0,98],
	],
};

form_CornerKickDR <- {
	name = "form_CornerKickDR",
	data = [
		[11, "FW", 0,55, 0,23],
		[10, "FW", 0,25, -0,33],
		[9, "FW", -0,25, -0,33],
		[8, "FW", -0,15, 0,05],
		[7, "MF", 0,30, 0,53],
		[6, "MF", -0,45, 0,38],
		[5, "MF", 0,70, 0,68],
		[4, "MF", -0,15, 0,65],
		[3, "DF", 0,55, 0,90],
		[2, "DF", 0,10, 0,80],
		[1, "GK", 0,20, 0,98],
	],
};

form_CornerKickAL <- {
	name = "form_CornerKickAL",
	data = [
		[11, "FW", 0,20, -0,80],
		[10, "FW", -0,20, -0,83],
		[9, "FW", -0,55, -0,88],
		[8, "FW", -0,85, -0,93],
		[7, "MF", -0,20, -0,60],
		[6, "MF", -0,70, -0,65],
		[5, "MF", -0,40, -0,38],
		[4, "MF", 0,00, 0,00],
		[3, "DF", 0,25, -0,15],
		[2, "DF", -0,70, -0,20],
		[1, "GK", 0,00, 0,73],
	],
};

form_CornerKickAR <- {
	name = "form_CornerKickAR",
	data = [
		[11, "FW", 0,85, -0,93],
		[10, "FW", 0,55, -0,88],
		[9, "FW", 0,20, -0,83],
		[8, "FW", -0,20, -0,80],
		[7, "MF", 0,70, -0,65],
		[6, "MF", 0,20, -0,60],
		[5, "MF", 0,00, 0,00],
		[4, "MF", 0,40, -0,38],
		[3, "DF", 0,25, -0,15],
		[2, "DF", -0,70, -0,20],
		[1, "GK", 0,00, 0,73],
	],
};

form_GoalKickO <- {
	name = "form_GoalKickO",
	data = [
		[11, "FW", 0,65, -0,08],
		[10, "FW", 0,25, -0,33],
		[9, "FW", -0,25, -0,33],
		[8, "FW", -0,65, -0,08],
		[7, "MF", 0,30, 0,25],
		[6, "MF", -0,30, 0,25],
		[5, "MF", 0,75, 0,48],
		[4, "MF", -0,75, 0,48],
		[3, "DF", 0,25, 0,63],
		[2, "DF", -0,25, 0,63],
		[1, "GK", 0,00, 0,98],
	],
};

form_GoalKickT <- {
	name = "form_GoalKickT",
	data = [
		[11, "FW", 0,80, -0,58],
		[10, "FW", 0,25, -0,65],
		[9, "FW", -0,25, -0,65],
		[8, "FW", -0,80, -0,58],
		[7, "MF", 0,35, -0,33],
		[6, "MF", -0,35, -0,33],
		[5, "MF", 0,35, -0,05],
		[4, "MF", -0,35, -0,05],
		[3, "DF", 0,30, 0,33],
		[2, "DF", -0,30, 0,33],
		[1, "GK", 0,00, 0,73],
	],
};

form_show <- {
	name = "form_show",
	data = [
		[11, "FW", 0,75, 0,13],
		[10, "FW", 0,25, 0,10],
		[9, "FW", -0,25, 0,10],
		[8, "FW", -0,75, 0,13],
		[7, "MF", 0,55, 0,38],
		[6, "MF", -0,55, 0,38],
		[5, "MF", 0,55, 0,50],
		[4, "MF", -0,55, 0,50],
		[3, "DF", 0,55, 0,78],
		[2, "DF", -0,55, 0,78],
		[1, "GK", 0,00, 0,94],
	],
};

