form_start <- {
	name = "form_start",
	data = [
		[11, "FW", 0,40, 0,15],
		[10, "FW", -0,40, 0,15],
		[9, "MF", 0,70, 0,30],
		[8, "MF", -0,70, 0,30],
		[7, "MF", 0,00, 0,30],
		[6, "MF", 0,30, 0,45],
		[5, "MF", -0,30, 0,45],
		[4, "DF", 0,40, 0,65],
		[3, "DF", -0,40, 0,65],
		[2, "DF", 0,00, 0,60],
		[1, "GK", 0,00, 0,90],
	],
};

form_def <- {
	name = "form_def",
	data = [
		[11, "FW", 0,40, -0,48],
		[10, "FW", -0,40, -0,48],
		[9, "MF", 0,70, 0,13],
		[8, "MF", -0,70, 0,13],
		[7, "MF", 0,00, 0,13],
		[6, "MF", 0,30, 0,45],
		[5, "MF", -0,30, 0,45],
		[4, "DF", 0,40, 0,65],
		[3, "DF", -0,40, 0,65],
		[2, "DF", 0,00, 0,60],
		[1, "GK", 0,00, 0,90],
	],
};

form_attack <- {
	name = "form_attack",
	data = [
		[11, "FW", 0,35, -0,80],
		[10, "FW", -0,35, -0,80],
		[9, "MF", 0,60, -0,55],
		[8, "MF", -0,60, -0,55],
		[7, "MF", 0,00, -0,63],
		[6, "MF", 0,20, -0,25],
		[5, "MF", -0,20, -0,25],
		[4, "DF", 0,15, 0,65],
		[3, "DF", -0,15, 0,65],
		[2, "DF", 0,00, 0,25],
		[1, "GK", 0,00, 0,83],
	],
};

form_CornerKickDL <- {
	name = "form_CornerKickDL",
	data = [
		[11, "FW", 0,05, -0,20],
		[10, "FW", -0,70, 0,13],
		[9, "MF", 0,30, 0,48],
		[8, "MF", -0,85, 0,48],
		[7, "MF", -0,25, 0,48],
		[6, "MF", 0,05, 0,70],
		[5, "MF", -0,70, 0,68],
		[4, "DF", -0,15, 0,85],
		[3, "DF", -0,80, 0,93],
		[2, "DF", -0,50, 0,83],
		[1, "GK", 0,00, 0,95],
	],
};

form_CornerKickDR <- {
	name = "form_CornerKickDR",
	data = [
		[11, "FW", 0,70, 0,13],
		[10, "FW", -0,05, -0,20],
		[9, "MF", 0,85, 0,48],
		[8, "MF", -0,30, 0,48],
		[7, "MF", 0,25, 0,48],
		[6, "MF", 0,70, 0,68],
		[5, "MF", -0,05, 0,70],
		[4, "DF", 0,80, 0,93],
		[3, "DF", 0,15, 0,85],
		[2, "DF", 0,50, 0,83],
		[1, "GK", 0,00, 0,95],
	],
};

form_CornerKickAL <- {
	name = "form_CornerKickAL",
	data = [
		[11, "FW", -0,10, -0,80],
		[10, "FW", -0,70, -0,90],
		[9, "MF", 0,55, -0,80],
		[8, "MF", 0,00, 0,00],
		[7, "MF", -0,55, -0,65],
		[6, "MF", 0,25, -0,48],
		[5, "MF", -0,75, -0,43],
		[4, "DF", 0,15, 0,20],
		[3, "DF", -0,70, 0,08],
		[2, "DF", -0,20, -0,25],
		[1, "GK", 0,00, 0,90],
	],
};

form_CornerKickAR <- {
	name = "form_CornerKickAR",
	data = [
		[11, "FW", 0,70, -0,90],
		[10, "FW", 0,10, -0,80],
		[9, "MF", 0,00, 0,00],
		[8, "MF", -0,55, -0,80],
		[7, "MF", 0,55, -0,65],
		[6, "MF", 0,75, -0,43],
		[5, "MF", -0,25, -0,48],
		[4, "DF", 0,70, 0,08],
		[3, "DF", -0,15, 0,20],
		[2, "DF", 0,20, -0,25],
		[1, "GK", 0,00, 0,90],
	],
};

form_GoalKickO <- {
	name = "form_GoalKickO",
	data = [
		[11, "FW", 0,20, -0,20],
		[10, "FW", -0,20, -0,20],
		[9, "MF", 0,65, 0,33],
		[8, "MF", -0,65, 0,33],
		[7, "MF", 0,00, 0,30],
		[6, "MF", 0,30, 0,60],
		[5, "MF", -0,30, 0,60],
		[4, "DF", 0,65, 0,75],
		[3, "DF", -0,65, 0,75],
		[2, "DF", 0,00, 0,75],
		[1, "GK", 0,00, 0,95],
	],
};

form_GoalKickT <- {
	name = "form_GoalKickT",
	data = [
		[11, "FW", 0,35, -0,65],
		[10, "FW", -0,35, -0,65],
		[9, "MF", 0,60, -0,63],
		[8, "MF", -0,60, -0,63],
		[7, "MF", 0,00, -0,55],
		[6, "MF", 0,20, -0,35],
		[5, "MF", -0,20, -0,35],
		[4, "DF", 0,20, 0,18],
		[3, "DF", -0,20, 0,18],
		[2, "DF", 0,00, 0,45],
		[1, "GK", 0,00, 0,90],
	],
};

form_show <- {
	name = "form_show",
	data = [
		[11, "FW", 0,40, 0,15],
		[10, "FW", -0,40, 0,15],
		[9, "MF", 0,78, 0,38],
		[8, "MF", -0,78, 0,38],
		[7, "MF", 0,00, 0,38],
		[6, "MF", 0,42, 0,58],
		[5, "MF", -0,42, 0,58],
		[4, "DF", 0,60, 0,78],
		[3, "DF", -0,60, 0,78],
		[2, "DF", 0,00, 0,70],
		[1, "GK", 0,00, 0,94],
	],
};

