form_start <- {
	name = "form_start",
	data = [
		[11, "FW", 0,70, 0,20],
		[10, "FW", -0,70, 0,20],
		[9, "FW", 0,00, 0,15],
		[8, "MF", 0,30, 0,30],
		[7, "MF", -0,30, 0,30],
		[6, "MF", 0,00, 0,45],
		[5, "DF", 0,80, 0,55],
		[4, "DF", -0,80, 0,55],
		[3, "DF", 0,30, 0,65],
		[2, "DF", -0,30, 0,65],
		[1, "GK", 0,00, 0,90],
	],
};

form_def <- {
	name = "form_def",
	data = [
		[11, "FW", 0,80, -0,18],
		[10, "FW", -0,80, -0,15],
		[9, "FW", 0,00, -0,48],
		[8, "MF", 0,50, 0,30],
		[7, "MF", -0,50, 0,30],
		[6, "MF", 0,00, 0,10],
		[5, "DF", 0,70, 0,60],
		[4, "DF", -0,70, 0,60],
		[3, "DF", 0,30, 0,75],
		[2, "DF", -0,30, 0,75],
		[1, "GK", 0,00, 0,90],
	],
};

form_attack <- {
	name = "form_attack",
	data = [
		[11, "FW", 0,70, -0,80],
		[10, "FW", -0,70, -0,80],
		[9, "FW", 0,00, -0,80],
		[8, "MF", 0,50, -0,50],
		[7, "MF", -0,50, -0,50],
		[6, "MF", 0,00, -0,30],
		[5, "DF", 0,80, 0,05],
		[4, "DF", -0,80, 0,05],
		[3, "DF", 0,40, 0,50],
		[2, "DF", -0,40, 0,50],
		[1, "GK", 0,00, 0,80],
	],
};

form_CornerKickDL <- {
	name = "form_CornerKickDL",
	data = [
		[11, "FW", 0,35, 0,15],
		[10, "FW", -0,80, 0,15],
		[9, "FW", -0,45, -0,25],
		[8, "MF", 0,10, 0,58],
		[7, "MF", -0,70, 0,55],
		[6, "MF", -0,30, 0,43],
		[5, "DF", 0,30, 0,75],
		[4, "DF", -0,85, 0,78],
		[3, "DF", -0,15, 0,85],
		[2, "DF", -0,50, 0,88],
		[1, "GK", 0,00, 0,95],
	],
};

form_CornerKickDR <- {
	name = "form_CornerKickDR",
	data = [
		[11, "FW", 0,80, 0,15],
		[10, "FW", -0,35, 0,15],
		[9, "FW", 0,45, -0,25],
		[8, "MF", 0,70, 0,55],
		[7, "MF", -0,10, 0,58],
		[6, "MF", 0,30, 0,43],
		[5, "DF", 0,85, 0,78],
		[4, "DF", -0,30, 0,75],
		[3, "DF", 0,50, 0,88],
		[2, "DF", 0,15, 0,85],
		[1, "GK", 0,00, 0,95],
	],
};

form_CornerKickAL <- {
	name = "form_CornerKickAL",
	data = [
		[11, "FW", 0,40, -0,90],
		[10, "FW", -0,70, -0,95],
		[9, "FW", -0,35, -0,83],
		[8, "MF", 0,40, -0,60],
		[7, "MF", 0,00, 0,00],
		[6, "MF", -0,60, -0,55],
		[5, "DF", 0,10, -0,38],
		[4, "DF", -0,70, -0,35],
		[3, "DF", 0,15, 0,08],
		[2, "DF", -0,35, -0,13],
		[1, "GK", 0,00, 0,90],
	],
};

form_CornerKickAR <- {
	name = "form_CornerKickAR",
	data = [
		[11, "FW", 0,70, -0,95],
		[10, "FW", -0,40, -0,90],
		[9, "FW", 0,35, -0,83],
		[8, "MF", 0,00, 0,00],
		[7, "MF", -0,40, -0,60],
		[6, "MF", 0,60, -0,55],
		[5, "DF", 0,70, -0,35],
		[4, "DF", -0,10, -0,38],
		[3, "DF", 0,35, -0,13],
		[2, "DF", -0,15, 0,08],
		[1, "GK", 0,00, 0,90],
	],
};

form_GoalKickO <- {
	name = "form_GoalKickO",
	data = [
		[11, "FW", 0,70, 0,10],
		[10, "FW", -0,70, 0,10],
		[9, "FW", 0,00, -0,30],
		[8, "MF", 0,50, 0,38],
		[7, "MF", -0,50, 0,38],
		[6, "MF", 0,00, 0,30],
		[5, "DF", 0,60, 0,65],
		[4, "DF", -0,60, 0,65],
		[3, "DF", 0,30, 0,65],
		[2, "DF", -0,30, 0,65],
		[1, "GK", 0,00, 0,95],
	],
};

form_GoalKickT <- {
	name = "form_GoalKickT",
	data = [
		[11, "FW", 0,30, -0,65],
		[10, "FW", -0,30, -0,65],
		[9, "FW", 0,00, -0,55],
		[8, "MF", 0,70, -0,35],
		[7, "MF", -0,70, -0,35],
		[6, "MF", 0,00, 0,00],
		[5, "DF", 0,80, 0,20],
		[4, "DF", -0,80, 0,20],
		[3, "DF", 0,40, 0,50],
		[2, "DF", -0,40, 0,50],
		[1, "GK", 0,00, 0,90],
	],
};

form_show <- {
	name = "form_show",
	data = [
		[11, "FW", 0,70, 0,20],
		[10, "FW", -0,70, 0,20],
		[9, "FW", 0,00, 0,13],
		[8, "MF", 0,28, 0,38],
		[7, "MF", -0,28, 0,38],
		[6, "MF", 0,00, 0,58],
		[5, "DF", 0,75, 0,60],
		[4, "DF", -0,75, 0,60],
		[3, "DF", 0,34, 0,75],
		[2, "DF", -0,34, 0,75],
		[1, "GK", 0,00, 0,94],
	],
};

