form_start <- {
	name = "form_start",
	data = [
		[11, "FW", 0,55, 0,15],
		[10, "FW", 0,00, 0,13],
		[9, "FW", -0,55, 0,15],
		[8, "MF", 0,00, 0,33],
		[7, "MF", 0,55, 0,38],
		[6, "MF", -0,55, 0,38],
		[5, "DF", 0,80, 0,58],
		[4, "DF", 0,25, 0,63],
		[3, "DF", -0,25, 0,63],
		[2, "DF", -0,80, 0,58],
		[1, "GK", 0,00, 0,90],
	],
};

form_def <- {
	name = "form_def",
	data = [
		[11, "FW", 0,55, 0,15],
		[10, "FW", 0,00, -0,13],
		[9, "FW", -0,55, 0,15],
		[8, "MF", 0,00, 0,25],
		[7, "MF", 0,45, 0,45],
		[6, "MF", -0,45, 0,45],
		[5, "DF", 0,75, 0,58],
		[4, "DF", 0,25, 0,63],
		[3, "DF", -0,25, 0,63],
		[2, "DF", -0,75, 0,58],
		[1, "GK", 0,00, 0,90],
	],
};

form_attack <- {
	name = "form_attack",
	data = [
		[11, "FW", 0,55, -0,70],
		[10, "FW", 0,00, -0,80],
		[9, "FW", -0,55, -0,70],
		[8, "MF", 0,00, -0,53],
		[7, "MF", 0,40, -0,23],
		[6, "MF", -0,40, -0,23],
		[5, "DF", 0,85, -0,83],
		[4, "DF", 0,35, 0,33],
		[3, "DF", -0,35, 0,33],
		[2, "DF", -0,85, -0,83],
		[1, "GK", 0,00, 0,78],
	],
};

form_CornerKickDL <- {
	name = "form_CornerKickDL",
	data = [
		[11, "FW", 0,20, 0,53],
		[10, "FW", -0,35, -0,08],
		[9, "FW", -0,70, 0,30],
		[8, "MF", -0,45, 0,60],
		[7, "MF", -0,30, 0,78],
		[6, "MF", -0,65, 0,78],
		[5, "DF", 0,05, 0,83],
		[4, "DF", -0,25, 0,93],
		[3, "DF", -0,55, 0,93],
		[2, "DF", -0,85, 0,88],
		[1, "GK", 0,00, 0,98],
	],
};

form_CornerKickDR <- {
	name = "form_CornerKickDR",
	data = [
		[11, "FW", 0,70, 0,30],
		[10, "FW", 0,35, -0,08],
		[9, "FW", -0,20, 0,53],
		[8, "MF", 0,45, 0,60],
		[7, "MF", 0,65, 0,78],
		[6, "MF", 0,30, 0,78],
		[5, "DF", 0,85, 0,88],
		[4, "DF", 0,55, 0,93],
		[3, "DF", 0,25, 0,93],
		[2, "DF", -0,05, 0,83],
		[1, "GK", 0,00, 0,98],
	],
};

form_CornerKickAL <- {
	name = "form_CornerKickAL",
	data = [
		[11, "FW", 0,05, -0,83],
		[10, "FW", -0,35, -0,83],
		[9, "FW", -0,65, -0,88],
		[8, "MF", -0,45, -0,63],
		[7, "MF", -0,15, -0,58],
		[6, "MF", 0,00, 0,00],
		[5, "DF", 0,40, -0,73],
		[4, "DF", 0,20, -0,35],
		[3, "DF", -0,55, -0,43],
		[2, "DF", -0,85, -0,58],
		[1, "GK", -0,20, 0,73],
	],
};

form_CornerKickAR <- {
	name = "form_CornerKickAR",
	data = [
		[11, "FW", 0,65, -0,88],
		[10, "FW", 0,35, -0,83],
		[9, "FW", -0,05, -0,83],
		[8, "MF", 0,45, -0,63],
		[7, "MF", 0,00, 0,00],
		[6, "MF", 0,15, -0,58],
		[5, "DF", 0,85, -0,55],
		[4, "DF", 0,55, -0,43],
		[3, "DF", -0,15, -0,35],
		[2, "DF", -0,40, -0,73],
		[1, "GK", 0,20, 0,73],
	],
};

form_GoalKickO <- {
	name = "form_GoalKickO",
	data = [
		[11, "FW", 0,55, 0,20],
		[10, "FW", 0,00, -0,33],
		[9, "FW", -0,55, 0,20],
		[8, "MF", 0,00, 0,25],
		[7, "MF", 0,45, 0,43],
		[6, "MF", -0,45, 0,43],
		[5, "DF", 0,75, 0,55],
		[4, "DF", 0,25, 0,65],
		[3, "DF", -0,25, 0,65],
		[2, "DF", -0,80, 0,55],
		[1, "GK", 0,00, 0,98],
	],
};

form_GoalKickT <- {
	name = "form_GoalKickT",
	data = [
		[11, "FW", 0,55, -0,63],
		[10, "FW", 0,00, -0,63],
		[9, "FW", -0,55, -0,63],
		[8, "MF", 0,00, -0,50],
		[7, "MF", 0,45, -0,43],
		[6, "MF", -0,45, -0,43],
		[5, "DF", 0,75, -0,38],
		[4, "DF", 0,25, -0,20],
		[3, "DF", -0,25, -0,20],
		[2, "DF", -0,80, -0,38],
		[1, "GK", 0,00, 0,35],
	],
};

form_show <- {
	name = "form_show",
	data = [
		[11, "FW", 0,55, 0,15],
		[10, "FW", 0,00, 0,10],
		[9, "FW", -0,55, 0,15],
		[8, "MF", 0,00, 0,33],
		[7, "MF", 0,55, 0,38],
		[6, "MF", -0,55, 0,38],
		[5, "DF", 0,75, 0,60],
		[4, "DF", 0,25, 0,65],
		[3, "DF", -0,25, 0,65],
		[2, "DF", -0,75, 0,60],
		[1, "GK", 0,00, 0,94],
	],
};

