form_start <- {
	name = "form_start",
	data = [
		[11, "FW", 0,30, 0,15],
		[10, "FW", -0,30, 0,15],
		[9, "MF", 0,70, 0,30],
		[8, "MF", -0,70, 0,30],
		[7, "MF", 0,00, 0,33],
		[6, "MF", 0,25, 0,50],
		[5, "MF", -0,25, 0,50],
		[4, "DF", 0,40, 0,68],
		[3, "DF", -0,40, 0,68],
		[2, "DF", 0,00, 0,68],
		[1, "GK", 0,00, 0,90],
	],
};

form_def <- {
	name = "form_def",
	data = [
		[11, "FW", 0,20, -0,50],
		[10, "FW", -0,20, -0,50],
		[9, "MF", 0,55, -0,08],
		[8, "MF", -0,55, -0,08],
		[7, "MF", 0,00, 0,28],
		[6, "MF", 0,20, 0,58],
		[5, "MF", -0,20, 0,58],
		[4, "DF", 0,45, 0,68],
		[3, "DF", -0,45, 0,68],
		[2, "DF", 0,00, 0,79],
		[1, "GK", 0,00, 0,90],
	],
};

form_attack <- {
	name = "form_attack",
	data = [
		[11, "FW", 0,15, -0,70],
		[10, "FW", -0,15, -0,70],
		[9, "MF", 0,55, -0,55],
		[8, "MF", -0,55, -0,55],
		[7, "MF", 0,00, -0,38],
		[6, "MF", 0,25, -0,13],
		[5, "MF", -0,25, -0,13],
		[4, "DF", 0,40, 0,25],
		[3, "DF", -0,40, 0,25],
		[2, "DF", 0,00, 0,63],
		[1, "GK", 0,00, 0,83],
	],
};

form_CornerKickDL <- {
	name = "form_CornerKickDL",
	data = [
		[11, "FW", 0,15, -0,23],
		[10, "FW", -0,35, -0,05],
		[9, "MF", 0,45, 0,23],
		[8, "MF", -0,70, 0,30],
		[7, "MF", -0,05, 0,45],
		[6, "MF", -0,15, 0,65],
		[5, "MF", -0,55, 0,70],
		[4, "DF", 0,25, 0,78],
		[3, "DF", -0,90, 0,83],
		[2, "DF", -0,35, 0,90],
		[1, "GK", 0,00, 0,95],
	],
};

form_CornerKickDR <- {
	name = "form_CornerKickDR",
	data = [
		[11, "FW", 0,35, -0,05],
		[10, "FW", -0,15, -0,23],
		[9, "MF", 0,70, 0,30],
		[8, "MF", -0,45, 0,23],
		[7, "MF", 0,05, 0,45],
		[6, "MF", 0,55, 0,70],
		[5, "MF", 0,15, 0,65],
		[4, "DF", 0,90, 0,83],
		[3, "DF", -0,25, 0,78],
		[2, "DF", 0,35, 0,90],
		[1, "GK", 0,00, 0,95],
	],
};

form_CornerKickAL <- {
	name = "form_CornerKickAL",
	data = [
		[11, "FW", 0,10, -0,80],
		[10, "FW", -0,55, -0,90],
		[9, "MF", -0,25, -0,60],
		[8, "MF", 0,00, 0,00],
		[7, "MF", -0,80, -0,73],
		[6, "MF", 0,50, -0,60],
		[5, "MF", -0,65, -0,43],
		[4, "DF", 0,30, -0,25],
		[3, "DF", -0,30, -0,25],
		[2, "DF", -0,10, 0,13],
		[1, "GK", 0,00, 0,90],
	],
};

form_CornerKickAR <- {
	name = "form_CornerKickAR",
	data = [
		[11, "FW", 0,55, -0,90],
		[10, "FW", -0,10, -0,80],
		[9, "MF", 0,00, 0,00],
		[8, "MF", 0,25, -0,60],
		[7, "MF", 0,80, -0,73],
		[6, "MF", 0,65, -0,43],
		[5, "MF", -0,50, -0,60],
		[4, "DF", 0,30, -0,25],
		[3, "DF", -0,30, -0,25],
		[2, "DF", 0,10, 0,13],
		[1, "GK", 0,00, 0,90],
	],
};

form_GoalKickO <- {
	name = "form_GoalKickO",
	data = [
		[11, "FW", 0,20, 0,05],
		[10, "FW", -0,20, 0,05],
		[9, "MF", 0,60, 0,33],
		[8, "MF", -0,55, 0,33],
		[7, "MF", 0,00, 0,38],
		[6, "MF", 0,40, 0,45],
		[5, "MF", -0,40, 0,45],
		[4, "DF", 0,35, 0,65],
		[3, "DF", -0,35, 0,65],
		[2, "DF", 0,00, 0,58],
		[1, "GK", 0,00, 0,95],
	],
};

form_GoalKickT <- {
	name = "form_GoalKickT",
	data = [
		[11, "FW", 0,20, -0,60],
		[10, "FW", -0,20, -0,60],
		[9, "MF", 0,65, -0,68],
		[8, "MF", -0,65, -0,68],
		[7, "MF", 0,00, -0,30],
		[6, "MF", 0,45, -0,25],
		[5, "MF", -0,45, -0,25],
		[4, "DF", 0,40, 0,10],
		[3, "DF", -0,40, 0,10],
		[2, "DF", 0,00, 0,28],
		[1, "GK", 0,00, 0,90],
	],
};

form_show <- {
	name = "form_show",
	data = [
		[11, "FW", 0,25, 0,15],
		[10, "FW", -0,25, 0,15],
		[9, "MF", 0,70, 0,30],
		[8, "MF", -0,70, 0,30],
		[7, "MF", 0,00, 0,37],
		[6, "MF", 0,38, 0,55],
		[5, "MF", -0,38, 0,55],
		[4, "DF", 0,68, 0,73],
		[3, "DF", -0,68, 0,73],
		[2, "DF", 0,00, 0,73],
		[1, "GK", 0,00, 0,94],
	],
};

